37.8748095822 -122.25790785 0.922581743497
37.874955484 -122.257746125 0.665246001233
37.8748636205 -122.257551525 0.106431699052
37.8748755336 -122.257246673 0.540204852402
37.875069953 -122.257806464 0.520595239184
37.8750829721 -122.257663255 0.532880056584
37.8751143021 -122.257520832 0.40803113462
37.8751632105 -122.257336411 0.942305305877
37.8753777413 -122.257981382 0.125673638957
37.8753167314 -122.257797639 0.67468061037
37.8753987829 -122.257471014 0.844939007016
37.8752845153 -122.257234632 0.690738487124
37.8754038281 -122.257959356 0.85458832328
37.8755877994 -122.257654527 0.0188043728542
37.875421246 -122.257574266 0.890674731548
37.8755832837 -122.257324835 0.732714333293
